2.728106161180273057e-10 4.827667371034028506e-10 2.486031805694778695e-10 -1.000000000000000000e+00 7.105391973739096555e-10 -1.000000000000000000e+00 -1.000000000000000000e+00 0.000000000000000000e+00 -1.000000000000000000e+00 -1.000000000000000000e+00
2.767096654718690326e-10 -1.000000000000000000e+00 -1.000000000000000000e+00 4.249309574855225557e-10 -1.000000000000000000e+00 0.000000000000000000e+00 -1.000000000000000000e+00 2.404540827285253642e-10 -1.000000000000000000e+00 -1.000000000000000000e+00
-1.000000000000000000e+00 -1.000000000000000000e+00 -1.000000000000000000e+00 0.000000000000000000e+00 -1.000000000000000000e+00 -1.000000000000000000e+00 2.222490833776899253e-09 4.063660912857339427e-10 -1.000000000000000000e+00 -1.000000000000000000e+00
-1.000000000000000000e+00 -1.000000000000000000e+00 -1.000000000000000000e+00 4.692505988054523399e-10 -1.000000000000000000e+00 4.081976203000512296e-10 2.309014455359979919e-10 -1.000000000000000000e+00 3.128786635561443061e-10 -1.000000000000000000e+00
2.343554300683209479e-10 -1.000000000000000000e+00 -1.000000000000000000e+00 4.178245808149932359e-10 -1.000000000000000000e+00 -1.000000000000000000e+00 -1.000000000000000000e+00 2.561627582538711648e-10 0.000000000000000000e+00 -1.000000000000000000e+00
-1.000000000000000000e+00 -1.000000000000000000e+00 -1.000000000000000000e+00 4.232385552131921575e-10 -1.000000000000000000e+00 0.000000000000000000e+00 2.273127697913385442e-10 2.417931034080585753e-10 -1.000000000000000000e+00 -1.000000000000000000e+00
-1.000000000000000000e+00 -1.000000000000000000e+00 -1.000000000000000000e+00 -1.000000000000000000e+00 0.000000000000000000e+00 -1.000000000000000000e+00 -1.000000000000000000e+00 4.283612200720971795e-10 2.614331624538304704e-10 -1.000000000000000000e+00
0.000000000000000000e+00 -1.000000000000000000e+00 -1.000000000000000000e+00 2.269036907443647215e-10 -1.000000000000000000e+00 -1.000000000000000000e+00 -1.000000000000000000e+00 4.124535609506371071e-10 -1.000000000000000000e+00 -1.000000000000000000e+00
-1.000000000000000000e+00 -1.000000000000000000e+00 -1.000000000000000000e+00 -1.000000000000000000e+00 -1.000000000000000000e+00 0.000000000000000000e+00 2.836594681761340066e-10 -1.000000000000000000e+00 4.111973056164141403e-10 -1.000000000000000000e+00
-1.000000000000000000e+00 2.761800273900679449e-10 4.226573898528045767e-10 -1.000000000000000000e+00 4.278480672441980665e-10 -1.000000000000000000e+00 0.000000000000000000e+00 -1.000000000000000000e+00 -1.000000000000000000e+00 -1.000000000000000000e+00
